 Glucose  Cholesterol  Hemoglobin  Platelets  White Blood Cells  \
0    0.001827     0.033693    0.114755   0.997927           0.562604   
1    0.436679     0.972653    0.084998   0.180909           0.675736   
2    0.545697     0.324815    0.584467   0.475748           0.558596   
3    0.172994     0.050351    0.736000   0.782022           0.069435   
4    0.758534     0.739968    0.597868   0.772683           0.875720   
..        ...          ...         ...        ...                ...   
481  0.985163     0.412960    0.529993   0.263765           0.431288   
482  0.581914     0.629325    0.491644   0.901473           0.347797   
483  0.066669     0.404558    0.591041   0.228401           0.127461   
484  0.901444     0.430680    0.243853   0.825551           0.493884   
485  0.877912     0.597809    0.730440   0.462307           0.498438   

     Red Blood Cells  Hematocrit  Mean Corpuscular Volume  \
0           0.866499    0.578042                 0.914615   
1           0.563889    0.798382                 0.670361   
2           0.661007    0.934056                 0.381782   
3           0.085219    0.032907                 0.460619   
4           0.860265    0.486189                 0.486686   
..               ...         ...                      ...   
481         0.198882    0.581289                 0.701192   
482         0.633286    0.698114                 0.516947   
483         0.026670    0.847444                 0.279740   
484         0.726299    0.660930                 0.445560   
485         0.792822    0.976056                 0.883937   

     Mean Corpuscular Hemoglobin  Mean Corpuscular Hemoglobin Concentration  \
0                       0.026864                                   0.038641   
1                       0.376092                                   0.184890   
2                       0.500342                                   0.531829   
3                       0.785448                                   0.491495   
4                       0.621048                                   0.191756   
..                           ...                                        ...   
481                     0.249410                                   0.246893   
482                     0.674259                                   0.798153   
483                     0.575425                                   0.156438   
484                     0.349782                                   0.343069   
485                     0.202147                                   0.930649   

     ...     HbA1c  LDL Cholesterol  HDL Cholesterol       ALT       AST  \
0    ...  0.653230         0.186104         0.430398  0.016678  0.885352   
1    ...  0.833540         0.153001         0.458533  0.401845  0.635969   
2    ...  0.678901         0.220479         0.817151  0.690981  0.101633   
3    ...  0.381500         0.459396         0.420154  0.798537  0.399236   
4    ...  0.993381         0.272338         0.663579  0.265227  0.918847   
..   ...       ...              ...              ...       ...       ...   
481  ...  0.680556         0.048191         0.465272  0.066511  0.965544   
482  ...  0.261767         0.482322         0.799523  0.807460  0.325313   
483  ...  0.168146         0.763625         0.677782  0.890501  0.638825   
484  ...  0.893448         0.500059         0.112250  0.548469  0.211496   
485  ...  0.242163         0.783372         0.568568  0.784730  0.500928   

     Heart Rate  Creatinine  Troponin  C-reactive Protein   Disease  
0      0.652733    0.788235  0.054788            0.031313  Thalasse  
1      0.574425    0.047025  0.607985            0.594123  Diabetes  
2      0.855740    0.551124  0.413294            0.070909  Heart Di  
3      0.324600    0.499504  0.436662            0.242766  Diabetes  
4      0.804910    0.571119  0.188368            0.750848  Heart Di  
..          ...         ...       ...                 ...       ...  
481    0.015051    0.442730  0.196986            0.816038  Diabetes  
482    0.825194    0.777866  0.415987            0.842804  Heart Di  
483    0.559993    0.795478  0.669925            0.124874    Anemia  
484    0.938355    0.463381  0.862921            0.658526  Diabetes  
485    0.016738    0.104687  0.055181            0.049341  Diabetes  

[486 rows x 25 columns]
Random Forest Classification Report:
               precision    recall  f1-score   support

           0       0.94      0.85      0.89        20
           1       0.89      1.00      0.94        59
           3       1.00      0.43      0.60         7
           4       0.89      0.89      0.89         9
           5       1.00      0.67      0.80         3

    accuracy                           0.91        98
   macro avg       0.95      0.77      0.83        98
weighted avg       0.91      0.91      0.90        98

Decision Tree Classification Report:
               precision    recall  f1-score   support

           0       0.95      1.00      0.98        20
           1       0.98      1.00      0.99        59
           2       0.00      0.00      0.00         0
           3       1.00      0.57      0.73         7
           4       1.00      1.00      1.00         9
           5       1.00      1.00      1.00         3

    accuracy                           0.97        98
   macro avg       0.82      0.76      0.78        98
weighted avg       0.98      0.97      0.97        98